矩阵乘矩阵计算结果:
量子矩阵乘法结果:
16.000000 16.000000 16.000000 16.000000 16.000000 16.000000 16.000000 16.000000 16.000000 16.000000 16.000000 16.000000 16.000000 16.000000 16.000000 16.000000 
16.000000 16.000000 16.000000 16.000000 16.000000 16.000000 16.000000 16.000000 16.000000 16.000000 16.000000 16.000000 16.000000 16.000000 16.000000 16.000000 
16.000000 16.000000 16.000000 16.000000 16.000000 16.000000 16.000000 16.000000 16.000000 16.000000 16.000000 16.000000 16.000000 16.000000 16.000000 16.000000 
16.000000 16.000000 16.000000 16.000000 16.000000 16.000000 16.000000 16.000000 16.000000 16.000000 16.000000 16.000000 16.000000 16.000000 16.000000 16.000000 
16.000000 16.000000 16.000000 16.000000 16.000000 16.000000 16.000000 16.000000 16.000000 16.000000 16.000000 16.000000 16.000000 16.000000 16.000000 16.000000 
16.000000 16.000000 16.000000 16.000000 16.000000 16.000000 16.000000 16.000000 16.000000 16.000000 16.000000 16.000000 16.000000 16.000000 16.000000 16.000000 
16.000000 16.000000 16.000000 16.000000 16.000000 16.000000 16.000000 16.000000 16.000000 16.000000 16.000000 16.000000 16.000000 16.000000 16.000000 16.000000 
16.000000 16.000000 16.000000 16.000000 16.000000 16.000000 16.000000 16.000000 16.000000 16.000000 16.000000 16.000000 16.000000 16.000000 16.000000 16.000000 
16.000000 16.000000 16.000000 16.000000 16.000000 16.000000 16.000000 16.000000 16.000000 16.000000 16.000000 16.000000 16.000000 16.000000 16.000000 16.000000 
16.000000 16.000000 16.000000 16.000000 16.000000 16.000000 16.000000 16.000000 16.000000 16.000000 16.000000 16.000000 16.000000 16.000000 16.000000 16.000000 
16.000000 16.000000 16.000000 16.000000 16.000000 16.000000 16.000000 16.000000 16.000000 16.000000 16.000000 16.000000 16.000000 16.000000 16.000000 16.000000 
16.000000 16.000000 16.000000 16.000000 16.000000 16.000000 16.000000 16.000000 16.000000 16.000000 16.000000 16.000000 16.000000 16.000000 16.000000 16.000000 
16.000000 16.000000 16.000000 16.000000 16.000000 16.000000 16.000000 16.000000 16.000000 16.000000 16.000000 16.000000 16.000000 16.000000 16.000000 16.000000 
16.000000 16.000000 16.000000 16.000000 16.000000 16.000000 16.000000 16.000000 16.000000 16.000000 16.000000 16.000000 16.000000 16.000000 16.000000 16.000000 
16.000000 16.000000 16.000000 16.000000 16.000000 16.000000 16.000000 16.000000 16.000000 16.000000 16.000000 16.000000 16.000000 16.000000 16.000000 16.000000 
16.000000 16.000000 16.000000 16.000000 16.000000 16.000000 16.000000 16.000000 16.000000 16.000000 16.000000 16.000000 16.000000 16.000000 16.000000 16.000000 
经典矩阵乘法结果:
16.000000 16.000000 16.000000 16.000000 16.000000 16.000000 16.000000 16.000000 16.000000 16.000000 16.000000 16.000000 16.000000 16.000000 16.000000 16.000000 
16.000000 16.000000 16.000000 16.000000 16.000000 16.000000 16.000000 16.000000 16.000000 16.000000 16.000000 16.000000 16.000000 16.000000 16.000000 16.000000 
16.000000 16.000000 16.000000 16.000000 16.000000 16.000000 16.000000 16.000000 16.000000 16.000000 16.000000 16.000000 16.000000 16.000000 16.000000 16.000000 
16.000000 16.000000 16.000000 16.000000 16.000000 16.000000 16.000000 16.000000 16.000000 16.000000 16.000000 16.000000 16.000000 16.000000 16.000000 16.000000 
16.000000 16.000000 16.000000 16.000000 16.000000 16.000000 16.000000 16.000000 16.000000 16.000000 16.000000 16.000000 16.000000 16.000000 16.000000 16.000000 
16.000000 16.000000 16.000000 16.000000 16.000000 16.000000 16.000000 16.000000 16.000000 16.000000 16.000000 16.000000 16.000000 16.000000 16.000000 16.000000 
16.000000 16.000000 16.000000 16.000000 16.000000 16.000000 16.000000 16.000000 16.000000 16.000000 16.000000 16.000000 16.000000 16.000000 16.000000 16.000000 
16.000000 16.000000 16.000000 16.000000 16.000000 16.000000 16.000000 16.000000 16.000000 16.000000 16.000000 16.000000 16.000000 16.000000 16.000000 16.000000 
16.000000 16.000000 16.000000 16.000000 16.000000 16.000000 16.000000 16.000000 16.000000 16.000000 16.000000 16.000000 16.000000 16.000000 16.000000 16.000000 
16.000000 16.000000 16.000000 16.000000 16.000000 16.000000 16.000000 16.000000 16.000000 16.000000 16.000000 16.000000 16.000000 16.000000 16.000000 16.000000 
16.000000 16.000000 16.000000 16.000000 16.000000 16.000000 16.000000 16.000000 16.000000 16.000000 16.000000 16.000000 16.000000 16.000000 16.000000 16.000000 
16.000000 16.000000 16.000000 16.000000 16.000000 16.000000 16.000000 16.000000 16.000000 16.000000 16.000000 16.000000 16.000000 16.000000 16.000000 16.000000 
16.000000 16.000000 16.000000 16.000000 16.000000 16.000000 16.000000 16.000000 16.000000 16.000000 16.000000 16.000000 16.000000 16.000000 16.000000 16.000000 
16.000000 16.000000 16.000000 16.000000 16.000000 16.000000 16.000000 16.000000 16.000000 16.000000 16.000000 16.000000 16.000000 16.000000 16.000000 16.000000 
16.000000 16.000000 16.000000 16.000000 16.000000 16.000000 16.000000 16.000000 16.000000 16.000000 16.000000 16.000000 16.000000 16.000000 16.000000 16.000000 
16.000000 16.000000 16.000000 16.000000 16.000000 16.000000 16.000000 16.000000 16.000000 16.000000 16.000000 16.000000 16.000000 16.000000 16.000000 16.000000 
